|   n | yow(n) | triangle(n) | inv-triangle (n) |
|-----+--------+-------------+------------------|
|   0 | 0,0    |           0 | 0                |
|   1 | 1,0    |           1 | 1                |
|   2 | 1,1    |           3 | 1                |
|   3 | 2,0    |           6 | 2                |
|   4 | 2,1    |          10 | 2                |
|   5 | 2,2    |          15 | 2                |
|   6 | 3,0    |          21 | 3                |
|   7 | 3,1    |          28 | 3                |
|   8 | 3,2    |          36 | 3                |
|   9 | 3,3    |          45 | 3                |
|  10 | 4,0    |          55 | 4                |
|  11 | 4,1    |          66 | 4                |
| ... | ...    |             |                  |

